METRICS SCORE FOR CLUSTERS: 2, 3, 4, 5, 6, 7, 8
====================================================================================
llama_silhouette_score: 0.086268990839333, 0.09104883322956633, 0.07537094869662238, 0.08167364543815751, 0.08361176839270808, 0.08358812464229833, 0.09013302052189812
llama_calinski_harabasz_score: 5.996179521045692, 5.077351934270438, 4.515632788195894, 4.261947653247437, 3.9853974972800827, 3.848838156898785, 3.6965611157645593
phi3_silhouette_score: 0.08764128113449197, 0.07153004855096019, 0.06377982095814644, 0.0669654556934339, 0.05285088664238541, 0.04520306310591076, 0.06384446519530465
phi3_calinski_harabasz_score: 3.3196069180446046, 3.3649609293154885, 3.2291462703969307, 2.9081653304241217, 2.7333029544409153, 2.641831435613243, 2.6661173504822617
mistral_silhouette_score: 0.09489312436688785, 0.10789226855737184, 0.11919076663034654, 0.09293736374672372, 0.09941602838249429, 0.13191339198648372, 0.10517810231648465
mistral_calinski_harabasz_score: 4.804864920106344, 4.5610697472472435, 3.994472088234692, 3.691980933687187, 3.586818969923144, 3.3152781324094804, 3.20764123503663
tfidf_silhouette_score: 0.03494843856305527, 0.0357522238982823, 0.037714401922714226, 0.04124163891468744, 0.049516085700056396, 0.055577261779367546, 0.06654792140620128
tfidf_calinski_harabasz_score: 2.4986725533216663, 2.4181704080940216, 2.296718616243904, 2.218695941404983, 2.174131542090338, 2.1459040310422623, 2.121407169925448
====================================================================================

METRICS SCORE FOR CLUSTERS: 2, 3, 4, 5, 6, 7, 8, 9, 10, 11, 12, 13, 14, 15, 16, 17, 18, 19, 20, 21, 22, 23, 24, 25, 26, 27
====================================================================================
llama_silhouette_score: 0.086268990839333, 0.09104883322956633, 0.07537094869662238, 0.08167364543815751, 0.08361176839270808, 0.08358812464229833, 0.09013302052189812, 0.09349392127014228, 0.09864552554373518, 0.09854733949577112, 0.0976589943606649, 0.09885439927959952, 0.10303014186709562, 0.09298269890841672, 0.0988746285374559, 0.09980912090531963, 0.10438113170594984, 0.1011002369018162, 0.09976762709359854, 0.1029136364768619, 0.10411096032901654, 0.10795012292686688, 0.11116710944770886, 0.11194663371485902, 0.12400008495015631, 0.10814198224925274
llama_calinski_harabasz_score: 5.996179521045692, 5.077351934270438, 4.515632788195894, 4.261947653247437, 3.9853974972800827, 3.848838156898785, 3.6965611157645593, 3.5133405547731633, 3.4696738594956473, 3.3426943379935126, 3.2314830254043456, 3.186524703448204, 3.07789156442718, 3.0094898598884425, 2.9619940870447343, 2.9194882352679117, 2.883536660781959, 2.858446517670917, 2.8717344344838893, 2.813884567890797, 2.8361088561477814, 2.802234705310546, 2.8399809642905876, 2.805238645125839, 2.799885104085057, 2.801127047116401
phi3_silhouette_score: 0.08764128113449197, 0.07153004855096019, 0.06377982095814644, 0.0669654556934339, 0.05285088664238541, 0.04520306310591076, 0.06384446519530465, 0.05896926653653536, 0.0707441652725075, 0.06969007702838086, 0.08244044185714208, 0.08593031743578665, 0.08468220637424094, 0.0746904459450784, 0.08791513488564451, 0.09437579828285553, 0.09751229043088303, 0.09392264145037532, 0.09563276991206549, 0.09797158649170103, 0.10472109158903135, 0.1096049645460919, 0.10670966548721834, 0.10680916216517415, 0.1146867572885045, 0.11130448758241665
phi3_calinski_harabasz_score: 3.3196069180446046, 3.3649609293154885, 3.2291462703969307, 2.9081653304241217, 2.7333029544409153, 2.641831435613243, 2.6661173504822617, 2.555919290429079, 2.477146026459456, 2.4162613457889317, 2.4196816009642355, 2.3958089667332065, 2.383437781623992, 2.327969665045794, 2.312512087121615, 2.313495219708226, 2.2912896289860116, 2.2809818910045867, 2.2864811027212943, 2.29834953817692, 2.302024071878127, 2.295381939829683, 2.304700737388643, 2.3010444342629874, 2.3199024601660754, 2.308370358716771
mistral_silhouette_score: 0.09489312436688785, 0.10789226855737184, 0.11919076663034654, 0.09293736374672372, 0.09941602838249429, 0.13191339198648372, 0.10517810231648465, 0.10863617286423971, 0.10219325721682763, 0.1114072103998219, 0.11655181814701455, 0.1157650804708105, 0.11465875141756686, 0.11324040610167044, 0.11567121564610872, 0.11810840536200856, 0.12161966717301671, 0.12095086877249024, 0.12217601769618994, 0.11920098087428123, 0.11819845686512032, 0.11813854580457452, 0.11774582514567558, 0.12568147142646635, 0.1219844243877061, 0.1221199984167615
mistral_calinski_harabasz_score: 4.804864920106344, 4.5610697472472435, 3.994472088234692, 3.691980933687187, 3.586818969923144, 3.3152781324094804, 3.20764123503663, 3.1884413830399128, 3.0370008144607663, 2.977909438572142, 2.9305753050714918, 2.9197687297918575, 2.8290148422378225, 2.8324751037893368, 2.774105693938953, 2.750789278656695, 2.730761794101237, 2.688494241878342, 2.6879845848553687, 2.6974802503200777, 2.669009680734619, 2.662619969800884, 2.6360251611834524, 2.6727256783950013, 2.654253208716099, 2.6235802033080895
tfidf_silhouette_score: 0.03494843856305527, 0.0357522238982823, 0.037714401922714226, 0.04124163891468744, 0.049516085700056396, 0.055577261779367546, 0.06654792140620128, 0.06870803832254184, 0.07891474320305963, 0.07896132867816803, 0.09001946902494039, 0.08831169832852731, 0.10808558275895673, 0.09034388913756078, 0.09212231107357734, 0.10628894203957441, 0.09951123952340543, 0.11289543638099374, 0.09684162894488066, 0.11082877765888637, 0.11527334956338815, 0.11351888071183397, 0.11246742079817316, 0.11206861038519694, 0.10780131447000288, 0.11302289991419963
tfidf_calinski_harabasz_score: 2.4986725533216663, 2.4181704080940216, 2.296718616243904, 2.218695941404983, 2.174131542090338, 2.1459040310422623, 2.121407169925448, 2.113410074564388, 2.0931428481139482, 2.084053079161756, 2.083753234590031, 2.038307219950675, 2.0785784901182995, 2.0129900287155627, 2.020039877075271, 1.9959226103055026, 1.986265312641182, 1.9746271179507913, 1.966231431272613, 1.958117754251388, 1.9566265571323291, 1.954861941193803, 1.9416639165570617, 1.9592840777320206, 1.9432765801820588, 1.9554564564422183
====================================================================================

